经过DCT变换后的二维数组矩阵：
-265.0000 -31.5522  80.8418   1.8998    28.5000   -82.5677  -71.3695  -40.2203  
88.8973   -32.6879  61.6218   19.0633   -2.3240   34.9092   18.9671   3.7393    
-56.2326  94.6196   -26.9565  27.2449   17.7807   -8.7359   12.5977   8.6711    
23.7836   20.3151   -35.9234  46.5701   -20.9033  17.9545   -13.9042  3.8571    
-1.7678   -15.9313  23.9376   -32.6734  4.2500    -2.4969   2.2616    -7.3251   
-27.8351  17.2222   -30.5050  17.3635   -9.8502   -8.3487   0.4527    2.6218    
8.3677    -12.3193  6.8477    -13.7731  3.7295    -1.9655   -0.7935   -4.3021   
-2.5638   1.1483    0.6422    0.7841    -1.6584   -0.5160   0.1241    1.9665    
经过DCT变换后的二维数组矩阵：
-375.2500 114.2293  112.1212  -25.7946  25.5000   -104.4385 -76.2079  -34.6235  
4.7118    -9.7717   -73.5757  129.1160  76.2128   27.9626   50.1163   -0.7431   
-135.0811 -5.0527   -42.3131  82.8404   -91.6939  35.2982   49.2398   -30.4411  
118.2740  -22.7392  -107.4098 -41.1798  -14.8608  51.7375   -59.0095  20.4038   
57.6292   -6.0473   43.0985   -35.9300  37.0000   -54.5974  -10.2752  25.4945   
-57.3282  30.7293   39.9224   11.4186   -13.8510  -34.8095  -1.8605   -0.4619   
-1.8328   -10.3053  -1.5101   -29.4247  19.0390   10.8310   5.0631    3.1988    
19.9259   10.9380   -2.2706   13.7601   24.0917   9.4828    -0.5585   6.2609    
经过DCT变换后的二维数组矩阵：
-831.1250 187.9640  199.1247  -59.5349  8.8750    -245.5326 -146.7473 -80.8056  
42.7007   -39.1385  -107.8256 77.2211   64.7006   44.9791   50.1676   -10.6196  
-101.9499 -29.6947  23.9775   52.2935   -86.0405  76.7950   35.0678   -34.2705  
112.6260  -15.0301  -103.4966 -35.9996  -6.6222   54.9573   -56.4379  21.3065   
60.9880   6.0697    28.0230   -45.7233  61.1250   -54.8741  -33.9318  36.1014   
-59.9270  32.9188   35.0904   6.7597    -1.4929   -52.4008  -2.7270   1.2138    
14.8672   -11.9701  0.8178    -16.5638  23.8681   6.3709    16.0225   -7.9734   
16.7533   13.1828   -2.1278   12.2770   27.9721   6.9957    3.8600    5.5389    
经过DCT变换后的二维数组矩阵：
-936.2500 139.0780  264.4765  -44.6211  -64.0000  -262.8524 -153.9279 -75.8102  
47.2506   -188.1728 48.2883   122.1798  89.8984   -26.3955  19.7301   5.6843    
-156.8267 53.3461   -17.3315  4.3172    -84.8373  92.1683   99.1335   -83.1293  
109.2715  40.9086   -146.4054 -24.3078  -90.4043  64.5377   -37.6025  30.4724   
-10.6066  -5.3817   38.8432   -32.0256  75.7500   -43.5634  -81.3035  26.6412   
-65.3976  -8.0902   28.9876   13.8704   8.5789    -53.3057  6.0306    -24.0473  
18.6550   -10.6127  -12.8665  -23.0529  14.0341   -0.6821   8.8315    -0.2174   
-7.0005   33.0171   -3.8715   12.3514   8.5944    8.7975    -9.2915   3.7862    
Q50：
16        11        10        16        24        40        51        61        
12        12        14        19        26        58        60        55        
14        13        16        24        40        57        69        56        
14        17        22        29        51        87        80        62        
18        22        37        56        68        109       103       77        
24        35        55        64        81        104       113       92        
49        64        78        87        103       121       120       101       
72        92        95        98        112       100       103       99        
Imagetemp：
-17       -3        8         0         1         -2        -1        -1        -23       10        11        -2        1         -3        -1        -1        
7         -3        4         1         -0        1         0         0         0         -1        -5        7         3         0         1         -0        
-4        7         -2        1         0         -0        0         0         -10       -0        -3        3         -2        1         1         -1        
2         1         -2        2         -0        0         -0        0         8         -1        -5        -1        -0        1         -1        0         
-0        -1        1         -1        0         -0        0         -0        3         -0        1         -1        1         -1        -0        0         
-1        0         -1        0         -0        -0        0         0         -2        1         1         0         -0        -0        -0        -0        
0         -0        0         -0        0         -0        -0        -0        -0        -0        -0        -0        0         0         0         0         
-0        0         0         0         -0        -0        0         0         0         0         -0        0         0         0         -0        0         
-52       17        20        -4        0         -6        -3        -1        -59       13        26        -3        -3        -7        -3        -1        
4         -3        -8        4         2         1         1         -0        4         -16       3         6         3         -0        0         0         
-7        -2        1         2         -2        1         1         -1        -11       4         -1        0         -2        2         1         -1        
8         -1        -5        -1        -0        1         -1        0         8         2         -7        -1        -2        1         -0        0         
3         0         1         -1        1         -1        -0        0         -1        -0        1         -1        1         -0        -1        0         
-2        1         1         0         -0        -1        -0        0         -3        -0        1         0         0         -1        0         -0        
0         -0        0         -0        0         0         0         -0        0         -0        -0        -0        0         -0        0         -0        
0         0         -0        0         0         0         0         0         -0        0         -0        0         0         0         -0        0         
